100
0 20 8 54 91 48 11 16 18 24 45 72 81 24 43 21 18 23 61 58 69 83 14 47 24 42 71 10 73 64 88 26 96 49 91 67 81 12 76 41 74 6 31 58 99 57 98 77 100 5 12 47 44 3 15 39 13 100 59 32 2 64 83 37 25 70 67 95 98 2 42 61 26 75 58 87 82 2 11 57 35 81 41 68 66 67 48 75 12 57 57 97 68 86 49 29 81 89 94 2 
17 0 48 78 19 17 97 64 19 58 59 47 71 70 64 35 88 31 63 69 27 48 40 55 31 6 2 15 30 15 15 27 39 97 11 76 6 2 41 89 49 87 67 50 27 38 2 71 52 62 37 46 47 60 55 51 70 37 29 66 18 66 5 13 72 25 62 56 34 57 54 97 51 6 29 94 12 53 59 99 92 65 52 30 58 2 95 26 59 40 83 54 67 55 63 63 87 41 42 42 
28 82 0 56 2 96 1 66 42 24 66 67 87 40 95 7 14 23 65 86 8 49 53 78 30 90 74 38 64 45 72 3 48 27 29 61 68 94 24 26 60 70 12 93 28 74 84 31 20 33 61 72 18 36 30 24 98 91 89 34 15 66 100 12 64 76 46 32 18 35 11 18 56 57 36 58 71 100 91 71 13 16 75 53 17 53 13 26 57 61 1 52 55 7 30 73 16 57 97 45 
64 92 18 0 27 39 18 43 62 32 44 65 79 76 12 45 21 70 72 97 77 70 89 43 19 13 88 98 99 99 6 89 97 12 27 53 78 58 37 90 24 14 7 83 29 37 94 79 23 3 49 31 22 12 55 10 35 8 90 23 94 87 93 47 69 71 49 47 94 24 9 95 18 71 67 51 45 25 4 20 53 1 8 32 90 14 68 44 57 47 41 6 14 79 87 65 45 33 37 31 
28 50 62 25 0 28 91 63 96 44 17 27 35 12 46 29 19 58 55 97 52 95 29 79 47 66 76 79 24 33 85 47 5 41 10 12 59 18 41 21 56 13 10 32 49 52 59 52 73 12 36 96 13 65 80 92 99 18 28 35 24 81 17 100 48 35 5 55 64 32 84 21 90 4 28 39 28 22 82 65 62 56 31 29 16 97 33 31 84 73 1 57 7 46 44 66 52 39 13 95 
76 69 51 99 79 0 7 38 28 50 48 42 30 5 42 42 7 18 85 38 47 93 24 46 67 72 81 91 67 58 91 85 48 14 47 4 68 93 81 40 21 3 23 16 67 76 34 61 26 99 61 15 46 67 28 82 49 60 8 2 15 77 49 65 35 74 55 51 50 96 79 87 97 31 94 91 48 44 54 92 59 8 14 22 42 7 68 68 99 91 63 67 27 52 61 18 10 89 55 22 
28 49 28 53 10 34 0 42 29 63 59 13 25 99 79 39 40 31 13 8 25 41 81 34 15 96 90 4 21 15 93 4 85 43 98 43 21 42 57 51 66 73 6 21 15 29 19 80 99 88 35 46 68 65 19 90 99 41 5 57 73 86 1 82 87 97 43 64 87 19 87 50 27 17 56 54 75 37 82 95 11 95 89 80 89 95 7 82 44 52 66 98 7 62 32 55 30 34 56 64 
76 84 83 4 2 53 86 0 90 21 67 34 47 24 91 14 73 78 23 13 70 45 97 94 51 35 1 58 96 6 60 77 9 70 15 58 47 17 32 25 5 21 21 4 8 68 92 26 11 27 22 74 78 51 67 69 86 94 15 87 55 66 16 58 98 88 75 46 82 83 91 8 61 48 8 75 54 91 50 55 34 9 74 25 59 42 49 55 62 67 79 42 25 10 14 55 48 60 66 51 
81 11 35 45 64 5 89 86 0 1 84 4 55 75 61 36 96 69 67 7 53 30 32 81 65 22 21 50 21 97 35 82 59 88 8 30 5 79 52 82 96 11 34 84 81 97 84 59 96 41 88 86 41 99 51 88 45 71 24 63 66 96 1 60 60 77 8 69 30 91 10 69 48 19 27 53 73 35 21 56 35 75 95 100 87 87 74 14 69 52 52 49 49 28 26 83 23 85 15 71 
97 2 26 18 28 62 20 99 98 0 21 16 48 27 75 13 16 84 42 74 35 18 23 61 11 80 76 71 77 41 76 28 18 75 9 56 86 64 14 33 18 21 59 17 78 21 33 80 11 30 7 94 77 7 2 81 54 40 80 78 40 13 60 15 60 1 81 11 34 21 73 43 10 21 26 92 38 90 18 79 81 84 43 65 15 84 17 53 52 92 86 43 33 73 91 43 4 76 37 12 
96 36 78 30 30 100 33 64 97 54 0 10 56 75 54 19 56 9 80 32 89 6 35 96 13 97 77 61 26 70 25 46 45 39 73 56 4 3 41 2 56 4 98 36 98 93 74 41 49 61 44 63 84 97 73 82 5 44 39 58 40 3 9 99 86 50 41 1 21 53 7 66 46 49 38 8 27 28 70 24 66 97 8 71 10 48 18 88 82 49 70 12 76 91 36 49 39 42 83 59 
85 91 72 85 46 14 42 77 70 22 44 0 42 59 11 22 50 40 31 52 24 7 97 15 24 4 49 84 95 79 28 49 48 37 13 29 90 75 61 20 18 96 93 18 2 24 96 85 33 65 90 14 97 41 52 9 91 90 86 60 5 47 55 14 66 1 12 55 7 44 64 91 4 79 7 88 61 15 99 39 5 60 7 82 99 77 74 91 59 52 19 59 76 26 64 51 65 82 50 59 
89 52 14 77 24 50 48 64 5 63 15 84 0 18 20 25 60 4 44 18 71 39 61 57 39 80 86 39 79 100 12 32 24 89 99 43 85 23 12 38 54 65 7 22 69 85 45 8 91 39 27 27 65 41 37 2 31 4 90 58 12 58 26 86 80 73 18 35 44 64 99 11 87 48 95 40 58 70 74 34 46 24 91 15 63 50 2 20 52 45 17 10 19 26 88 4 57 24 13 50 
1 31 42 74 43 92 25 78 8 79 83 20 85 0 85 34 99 4 51 23 76 99 92 8 83 41 90 2 3 51 60 30 25 80 14 55 84 24 74 78 10 88 40 44 55 73 44 56 57 62 2 31 71 72 83 77 7 94 86 71 91 100 82 67 78 95 28 23 71 34 74 52 60 81 54 6 34 2 2 7 61 77 34 90 1 50 48 46 30 2 30 65 34 47 14 87 51 11 34 67 
22 35 12 92 20 15 33 29 76 99 51 54 3 13 0 72 70 95 63 43 81 87 96 93 7 50 28 27 27 64 3 49 31 63 90 33 91 2 46 14 100 44 44 92 20 78 61 99 57 50 20 2 36 41 77 48 53 3 20 55 49 86 100 5 83 33 53 6 85 83 82 64 65 88 82 79 32 38 66 5 67 15 31 100 17 94 76 30 22 52 72 39 41 6 63 100 60 100 27 51 
53 38 56 44 61 87 82 51 58 51 48 79 44 48 59 0 92 83 17 89 92 96 58 95 8 76 69 64 13 48 31 16 26 97 48 20 99 61 6 94 31 88 83 47 3 43 59 48 37 18 45 94 19 77 8 60 8 45 41 74 35 93 29 59 98 65 88 76 19 11 70 53 28 36 78 25 13 38 62 49 73 3 10 38 57 51 41 47 45 45 29 30 48 99 69 91 78 99 35 16 
84 76 93 31 7 31 70 28 87 84 69 45 55 69 65 86 0 98 95 36 76 95 100 54 72 15 82 59 88 89 26 56 4 68 21 98 62 37 61 76 73 51 2 53 59 61 69 63 73 60 16 48 71 28 39 1 61 6 63 27 50 37 85 15 96 75 56 72 72 78 63 5 66 67 18 22 7 53 31 46 96 89 29 60 75 34 64 16 76 98 47 85 23 73 25 52 82 26 56 87 
25 39 35 60 58 11 4 6 72 64 91 36 75 68 44 41 56 0 35 77 31 40 58 71 99 61 71 36 43 15 5 96 61 75 93 62 28 84 35 83 67 52 42 41 85 38 41 52 16 57 43 66 29 44 74 93 78 37 16 9 94 28 88 4 52 73 92 19 16 66 92 69 25 83 28 63 29 36 58 91 57 26 48 27 15 22 47 72 46 13 91 57 74 75 4 71 5 88 57 45 
77 43 64 56 66 47 80 86 2 97 32 77 43 21 31 75 13 16 0 40 56 41 84 68 75 87 5 26 41 60 39 12 76 32 82 59 82 75 56 86 72 32 28 100 96 26 73 46 18 39 57 52 96 10 11 73 85 42 46 58 5 18 23 63 21 14 91 49 96 92 43 43 71 80 86 73 37 14 66 8 42 91 38 51 50 72 97 76 53 32 73 59 49 88 53 32 95 37 91 29 
21 3 39 10 51 98 12 44 22 53 43 51 73 83 55 17 85 61 95 0 76 35 50 78 23 80 28 90 37 90 40 28 30 95 52 71 49 94 68 94 79 68 60 15 96 6 2 57 21 94 18 98 92 63 4 3 35 47 19 64 85 47 45 17 59 63 84 86 10 66 9 34 13 63 81 53 62 68 22 80 63 91 20 27 42 13 68 62 87 42 42 41 76 81 66 31 67 75 8 49 
7 95 20 7 87 22 75 57 62 42 88 32 68 97 10 90 72 94 56 26 0 18 100 89 25 32 73 80 2 17 47 9 53 98 24 85 10 47 5 30 36 82 78 72 44 52 12 83 12 45 70 22 60 97 13 2 76 2 15 94 85 58 65 78 37 42 67 60 61 29 74 29 88 44 75 34 7 16 50 68 45 80 92 66 1 19 46 33 19 74 3 91 12 73 15 30 50 62 23 49 
45 49 97 39 19 28 46 15 52 66 20 1 38 31 86 69 23 58 5 40 87 0 75 23 16 16 96 43 90 86 43 47 28 41 22 12 16 100 27 65 5 42 48 30 98 47 66 29 89 20 20 74 1 100 71 61 11 3 9 79 88 7 63 35 58 27 13 74 47 37 1 66 77 71 99 31 5 74 9 73 56 3 22 19 51 42 2 3 67 96 67 55 23 4 67 54 13 76 83 94 
94 82 36 74 56 49 70 81 75 71 5 26 66 12 10 10 63 35 31 51 9 61 0 83 25 92 8 37 88 16 47 72 61 6 69 44 61 55 77 32 86 100 87 17 50 79 67 91 96 61 75 99 48 56 89 85 78 66 55 23 100 78 18 33 9 81 56 85 51 98 67 87 53 35 86 24 1 33 99 10 87 13 81 60 34 60 69 6 52 85 54 32 13 14 56 93 77 89 45 86 
98 84 20 95 82 69 67 43 1 99 85 81 64 12 99 85 84 89 23 43 38 7 19 0 6 83 24 84 16 98 70 6 12 88 59 55 1 71 55 34 14 44 63 58 2 21 78 88 98 78 88 75 18 62 52 79 93 26 31 8 46 31 72 18 73 69 80 82 57 81 1 77 60 40 60 30 58 7 75 72 20 62 84 88 98 23 34 26 38 5 32 49 10 68 79 58 12 80 84 65 
40 45 17 7 47 68 82 24 89 23 79 30 5 1 6 62 54 87 51 12 36 26 30 35 0 55 70 54 40 31 63 22 10 33 92 99 76 15 14 88 44 16 60 80 44 88 64 23 67 88 37 23 55 52 72 67 97 41 31 60 15 22 48 81 50 60 80 95 30 54 27 64 73 91 34 2 99 85 65 49 75 36 42 24 51 83 55 81 13 26 85 87 27 74 51 19 84 9 17 47 
14 94 19 30 69 48 65 41 13 5 58 34 31 7 25 39 5 54 97 58 95 42 98 64 26 0 100 33 99 94 13 78 51 75 91 72 69 26 85 41 91 3 99 23 72 84 29 8 71 4 21 84 78 80 46 22 32 33 93 97 51 78 54 71 25 76 55 54 69 63 98 89 59 67 15 68 96 19 98 79 83 92 94 24 13 81 21 97 33 16 98 89 35 36 88 10 65 22 26 51 
87 68 40 89 26 85 51 67 4 92 4 7 48 74 18 12 30 26 92 1 19 82 32 35 17 29 0 83 65 75 57 17 55 63 96 67 44 86 60 8 57 91 32 35 56 59 38 96 69 61 59 64 16 71 11 70 56 43 2 2 21 12 27 59 61 90 77 80 28 96 56 14 71 5 100 57 2 79 48 10 86 49 13 50 88 79 30 29 53 11 20 89 76 57 99 88 34 16 10 11 
85 74 10 86 6 92 29 39 41 21 78 42 9 9 34 14 81 45 72 29 67 97 20 87 11 12 45 0 74 49 18 25 82 79 77 32 27 54 9 67 52 18 1 100 90 10 10 89 57 70 44 77 5 58 96 5 27 22 61 60 92 98 74 3 40 66 38 31 11 23 28 23 52 41 86 23 3 5 13 10 85 31 38 20 45 95 68 19 70 79 1 24 5 52 44 39 99 93 26 29 
47 85 19 47 1 35 11 18 31 92 8 82 94 30 1 42 44 51 72 53 71 58 52 87 78 52 61 41 0 89 32 4 3 42 15 65 84 17 12 86 1 35 15 29 31 19 9 69 54 54 98 49 43 50 9 13 28 13 54 67 31 59 23 22 13 21 45 23 71 29 55 56 89 76 99 70 24 83 60 32 87 73 24 28 53 60 14 41 1 97 32 11 1 43 95 93 54 43 16 23 
97 9 45 9 51 54 95 83 4 52 92 98 8 80 95 11 79 91 73 12 81 94 88 26 88 73 66 21 5 0 57 46 42 46 34 91 36 40 49 98 92 30 92 79 33 26 9 28 22 36 95 78 4 92 95 78 10 26 48 74 7 6 56 89 33 93 91 100 94 35 50 13 80 35 87 52 99 65 93 24 27 3 76 25 62 87 9 84 16 33 46 8 34 65 16 91 37 100 88 89 
32 57 13 59 6 34 89 46 67 88 1 86 38 97 85 95 74 88 22 61 83 35 32 98 68 59 55 89 9 20 0 48 91 74 23 93 9 90 36 8 91 1 76 92 59 9 40 69 23 25 31 53 29 43 66 26 86 82 59 38 60 3 36 14 78 52 49 18 90 53 92 98 59 54 51 2 13 38 57 63 11 43 65 1 36 47 5 25 57 43 35 37 15 55 36 73 70 10 23 61 
15 5 97 69 18 94 40 100 63 100 2 6 64 99 56 15 34 9 94 85 29 76 68 96 95 86 31 30 1 40 27 0 34 40 70 46 52 70 12 7 68 60 33 71 34 19 90 58 65 57 10 38 3 97 69 91 87 37 43 80 9 64 65 85 21 44 78 58 70 40 45 23 41 19 43 61 66 18 48 21 55 15 39 72 15 42 23 100 71 76 70 23 74 17 32 69 62 2 1 29 
4 66 34 65 7 71 24 93 62 1 34 61 47 95 40 94 66 18 87 5 69 69 84 68 20 16 81 75 32 83 66 38 0 75 95 19 27 28 42 95 46 66 62 73 45 32 43 45 42 44 98 32 37 21 48 60 78 34 5 63 80 16 23 89 65 39 90 1 90 13 24 53 65 64 60 83 2 10 64 95 21 39 18 31 4 100 93 51 39 78 20 47 3 47 25 23 72 80 14 39 
73 37 8 74 55 33 7 9 23 11 33 52 47 90 2 52 87 75 84 26 27 4 87 2 61 54 93 41 100 34 88 67 57 0 36 22 71 22 66 43 58 83 52 38 63 88 1 75 100 41 27 54 86 27 46 3 69 95 58 48 44 56 32 43 19 23 54 12 50 85 24 56 80 73 60 26 54 12 61 95 80 62 24 33 55 34 31 5 93 88 47 19 51 49 80 10 91 100 85 62 
81 71 42 15 28 5 9 38 92 57 57 42 19 52 55 98 10 22 67 44 91 56 86 70 22 8 34 80 95 32 35 32 29 83 0 63 62 55 1 45 23 68 91 69 5 44 89 62 40 53 72 94 97 62 17 87 60 60 48 4 55 48 5 89 18 100 10 67 16 28 43 25 37 94 67 98 84 63 69 99 75 13 64 26 49 10 44 38 36 26 2 72 14 15 12 48 26 41 56 69 
56 82 85 33 50 12 46 55 98 52 13 52 24 35 32 47 98 71 34 29 25 80 30 97 80 75 17 85 100 9 36 25 49 2 72 0 39 84 2 48 5 46 43 25 37 47 79 60 94 44 49 1 82 43 21 31 62 34 93 54 8 64 94 29 51 36 70 29 19 32 1 69 93 54 91 4 64 79 23 78 68 26 98 86 46 15 2 80 85 78 88 9 69 1 77 17 19 96 94 8 
8 88 32 32 42 6 33 59 12 54 31 3 46 40 97 18 2 32 52 54 43 16 16 44 21 52 30 6 26 15 97 3 83 29 35 57 0 27 35 10 76 22 54 52 26 30 46 74 75 20 31 96 52 58 69 47 34 64 48 4 3 56 41 41 95 23 94 71 13 59 6 63 51 91 11 47 45 19 33 47 75 88 55 41 20 55 6 98 29 37 3 64 46 80 46 80 95 24 41 99 
45 69 6 89 37 47 9 58 9 45 91 33 37 19 95 42 31 60 12 41 10 90 68 56 84 73 10 99 22 20 56 52 92 95 83 82 2 0 97 26 22 38 99 100 61 98 88 10 38 85 21 18 68 84 53 31 87 27 31 54 48 39 47 13 74 71 22 78 65 36 29 46 45 73 77 98 84 91 5 86 90 97 53 88 82 59 7 10 70 74 43 3 100 96 21 25 89 20 14 10 
100 4 27 1 2 67 96 50 26 53 92 73 92 82 84 8 77 12 72 84 72 74 47 73 42 91 33 26 69 34 30 20 12 35 100 46 88 81 0 73 26 83 90 78 81 6 68 96 25 30 84 54 28 40 93 69 95 63 41 87 3 12 19 27 27 53 48 49 24 80 85 95 97 20 54 9 28 44 25 61 66 1 84 66 92 91 62 75 1 86 19 81 48 8 6 96 76 7 44 51 
4 27 78 36 30 79 18 12 11 95 6 21 90 2 76 41 49 42 79 38 3 25 90 79 44 39 97 55 8 98 87 24 72 45 83 18 66 54 16 0 14 8 29 7 30 67 62 26 42 34 31 98 73 49 57 68 95 46 47 49 41 15 13 32 52 20 44 63 85 85 28 7 86 84 11 8 79 62 52 83 31 18 12 20 93 86 4 52 92 34 24 3 85 16 25 52 74 56 91 99 
90 89 12 91 9 6 42 17 69 77 51 57 50 34 88 13 36 77 69 90 50 82 4 53 67 100 55 32 13 75 37 64 86 59 34 41 59 48 3 49 0 58 90 18 9 80 99 49 12 10 47 41 77 63 16 64 86 69 70 59 3 62 52 47 4 40 61 68 30 46 64 37 73 77 42 34 19 29 40 84 67 66 53 82 89 65 75 55 38 30 17 87 41 6 43 37 12 34 99 15 
42 73 51 66 48 52 19 38 85 40 18 32 14 84 29 93 42 15 75 86 89 68 44 94 16 2 17 46 13 94 19 97 57 100 76 49 5 44 44 54 95 0 5 54 9 63 19 92 5 20 33 12 42 43 1 61 77 42 30 28 92 33 25 60 43 67 63 81 3 63 11 95 22 96 46 39 53 75 52 25 33 82 35 74 22 46 61 22 3 35 46 43 37 49 94 63 60 88 46 16 
18 62 11 7 74 13 98 48 78 87 17 9 39 25 62 29 64 62 97 98 59 100 30 80 2 63 31 38 10 61 55 12 5 38 52 74 9 17 71 9 57 100 0 60 38 3 61 76 10 57 79 86 51 36 49 15 95 57 83 50 62 59 60 4 56 73 23 87 90 84 81 22 74 19 12 77 23 93 52 8 42 75 45 79 31 77 1 56 66 18 67 79 80 51 12 62 86 16 34 8 
29 100 34 89 29 25 48 46 35 86 92 95 34 43 56 100 26 54 59 26 18 37 32 59 98 18 80 23 78 57 51 82 15 21 72 37 90 91 100 49 100 68 9 0 49 51 58 7 93 42 93 85 39 28 87 76 14 30 67 35 46 72 76 4 21 84 16 31 24 54 16 75 63 21 3 46 13 63 29 6 85 56 1 53 63 69 44 60 4 87 33 56 87 90 9 100 93 5 97 40 
76 93 53 89 82 100 96 33 7 17 100 17 41 5 95 56 14 48 25 25 81 38 29 13 85 100 54 5 60 40 83 65 74 3 4 19 55 80 100 59 21 86 96 16 0 57 33 95 51 33 76 22 53 29 24 83 76 100 91 21 38 33 48 71 94 11 52 75 81 24 48 29 90 23 33 44 80 85 14 44 28 82 20 77 5 100 15 15 3 2 5 73 79 88 86 53 80 44 58 80 
10 7 7 6 13 7 77 29 49 73 48 94 1 56 60 36 20 86 38 35 89 69 24 7 16 5 96 39 72 81 14 89 76 63 22 4 84 72 58 74 12 60 91 76 51 0 70 96 62 60 74 30 94 28 36 31 71 22 27 85 43 65 60 86 29 59 53 53 24 4 56 10 54 30 4 68 84 78 48 72 41 67 68 21 40 92 24 79 21 34 70 76 30 21 47 68 55 39 94 4 
80 74 52 96 53 64 63 2 51 17 59 36 86 26 87 56 66 67 12 32 67 7 74 69 46 95 7 44 80 33 29 22 27 46 47 62 82 40 17 68 2 82 27 6 2 45 0 93 53 25 76 89 9 52 84 75 25 18 21 28 49 51 44 76 44 96 100 86 49 88 84 76 56 39 97 64 32 60 27 28 52 53 44 91 48 76 82 68 72 1 78 32 43 93 82 3 65 83 60 32 
32 43 75 54 42 66 61 52 95 51 49 41 28 81 57 30 83 76 23 29 79 78 56 46 3 35 66 91 93 88 64 57 45 85 10 80 53 50 1 92 93 53 75 92 17 69 22 0 9 81 78 67 50 90 40 72 93 87 69 95 86 13 31 37 51 8 41 92 85 55 71 67 28 53 16 93 80 50 7 60 39 92 47 70 82 2 6 4 32 47 7 87 98 76 36 69 2 56 43 52 
59 43 65 88 37 14 48 54 58 4 73 58 71 19 46 33 15 57 38 43 13 34 100 45 93 84 66 1 69 67 59 100 55 94 38 92 86 44 23 87 74 93 49 95 12 37 85 5 0 64 75 7 8 14 27 30 27 36 78 4 85 61 44 92 71 48 64 89 46 1 40 19 40 90 10 6 96 84 21 59 10 24 11 72 29 82 49 13 4 74 21 89 37 16 78 90 20 90 21 27 
55 44 84 56 78 69 91 78 75 55 87 95 53 56 83 81 92 89 66 82 30 30 76 85 24 68 15 23 49 5 99 15 74 25 82 72 23 9 51 44 45 39 13 24 14 55 23 9 67 0 32 39 5 40 79 18 33 68 87 52 32 32 38 83 32 99 34 22 74 21 98 56 98 31 81 95 13 80 86 5 94 27 8 38 2 16 72 12 31 67 74 21 99 71 83 64 74 80 63 50 
25 48 88 21 6 82 87 13 10 41 94 39 86 1 27 71 94 35 5 21 75 94 78 93 48 55 4 7 81 9 71 54 25 89 34 71 74 37 97 59 8 24 51 41 84 95 64 71 21 57 0 34 88 6 67 89 40 67 30 61 69 2 84 34 11 37 56 83 100 23 16 34 68 30 83 62 71 48 84 22 75 58 82 36 35 54 18 9 84 20 38 26 5 35 66 14 16 50 67 32 
74 6 92 32 60 78 17 94 2 89 49 94 75 25 88 53 100 29 62 26 71 39 97 16 29 69 91 3 63 47 57 57 26 82 62 5 81 69 26 24 84 17 32 11 59 57 61 28 91 44 94 0 8 75 97 48 95 24 37 98 2 18 90 57 41 43 46 29 91 36 33 48 16 67 49 85 71 67 38 71 7 56 38 9 87 32 35 49 49 88 88 26 66 54 36 62 29 26 77 23 
82 99 33 6 56 62 7 93 98 2 1 43 44 61 37 40 25 61 40 85 20 90 21 87 34 63 57 87 62 38 14 77 91 55 60 9 20 9 21 72 18 28 90 76 87 73 32 49 81 75 9 32 0 91 27 95 64 24 17 35 29 44 84 93 7 42 91 66 12 23 27 83 94 94 11 1 37 22 50 26 42 90 72 98 75 39 5 20 9 20 6 21 72 94 34 17 66 45 98 17 
18 41 36 95 81 23 8 51 93 59 42 65 29 25 86 39 50 27 20 81 90 27 15 13 11 11 65 89 40 25 5 16 34 56 22 93 55 59 60 64 27 92 6 80 32 60 31 67 71 82 81 26 19 0 32 53 88 18 66 8 1 94 92 87 47 40 9 63 23 35 52 97 31 84 20 95 51 19 66 21 44 3 18 99 6 43 41 80 88 94 47 28 80 39 56 46 78 100 17 17 
4 45 6 86 85 10 5 53 50 28 24 29 31 55 94 12 4 41 39 3 90 64 42 82 22 36 94 44 1 32 32 30 53 72 85 93 39 86 18 48 79 8 52 8 63 82 13 41 51 38 35 53 29 78 0 29 11 86 66 5 69 92 34 81 6 41 18 75 20 73 65 1 27 11 65 89 78 13 97 78 66 84 53 47 72 41 48 55 34 37 50 53 38 94 20 52 99 95 42 92 
75 91 82 15 72 55 98 27 42 57 63 71 12 48 59 81 6 98 45 26 21 33 32 19 20 67 14 50 100 19 20 33 52 23 84 76 23 39 24 73 47 6 64 3 44 85 42 16 30 29 64 93 59 21 86 0 17 88 2 62 10 77 2 32 94 76 51 43 17 30 23 91 31 48 3 52 64 45 12 99 46 27 25 33 30 91 82 65 89 24 47 87 5 37 17 25 87 42 38 20 
90 52 8 13 18 49 53 47 99 10 63 67 59 83 41 10 100 91 83 81 40 42 64 71 43 38 85 72 5 89 92 58 99 6 88 21 20 11 67 99 63 1 33 8 22 34 71 85 9 52 22 39 27 61 98 25 0 49 79 44 84 57 75 20 17 56 40 1 76 93 27 84 34 29 59 98 85 33 55 19 5 5 65 83 55 55 95 59 66 76 18 28 54 63 25 8 57 77 44 20 
35 38 88 96 46 9 34 55 53 99 34 62 52 73 56 77 68 84 95 3 91 6 54 95 22 63 41 98 68 26 33 97 19 97 87 99 78 94 66 7 8 87 98 61 28 4 31 22 87 81 76 82 20 60 24 22 30 0 1 57 72 58 48 73 31 85 29 39 87 22 42 84 10 99 59 38 53 61 66 15 42 12 31 85 68 8 81 17 46 100 93 57 64 50 24 25 93 26 29 23 
52 42 20 52 4 49 57 78 96 15 49 32 32 28 68 67 63 49 84 71 78 9 77 72 58 4 3 82 71 87 58 95 81 62 79 95 78 39 9 15 80 98 69 70 80 50 35 72 84 30 26 24 95 12 36 8 13 72 0 100 54 86 16 19 39 32 78 41 26 21 39 4 86 34 97 86 13 98 25 92 63 7 96 39 91 82 12 11 5 46 4 52 56 76 69 58 70 32 43 63 
43 76 15 61 61 26 88 68 20 12 9 46 14 84 75 3 13 37 33 66 69 58 26 70 60 78 43 14 63 100 19 25 31 29 49 32 95 4 34 66 4 73 52 95 84 65 56 49 34 6 30 62 73 11 56 18 8 22 53 0 17 18 33 51 65 97 23 46 88 20 99 26 16 56 46 70 80 95 99 50 60 57 87 37 51 60 49 39 10 63 76 83 11 65 88 21 92 9 73 91 
52 62 11 55 43 32 39 12 96 30 51 78 27 35 54 11 27 21 65 5 71 52 14 81 19 85 48 41 8 17 86 6 71 47 81 94 56 17 4 100 75 16 36 35 45 3 79 68 91 41 60 100 28 28 19 56 11 26 2 95 0 59 89 81 6 44 37 8 46 36 55 19 2 50 53 88 82 62 94 22 61 53 13 1 87 40 90 37 72 97 54 42 12 76 28 95 21 34 97 64 
76 24 32 80 58 85 44 20 73 47 27 80 14 48 75 22 20 97 85 21 37 55 49 71 89 14 3 30 1 28 66 20 50 35 33 68 5 56 5 37 15 64 28 45 15 5 17 56 19 29 28 52 55 17 37 51 28 22 46 9 36 0 82 71 46 55 50 85 20 61 93 77 88 98 39 73 90 55 45 42 92 30 41 62 49 80 89 94 26 77 36 7 45 58 90 78 74 14 25 77 
18 98 86 13 37 62 4 77 35 35 76 59 69 71 76 74 62 89 25 92 76 84 32 22 4 69 66 46 27 59 76 68 71 99 68 33 25 80 98 52 68 12 40 10 74 83 29 93 22 11 2 26 88 42 25 10 3 21 8 46 27 49 0 13 17 54 29 8 31 68 19 20 16 25 28 22 23 98 97 40 60 44 1 70 4 93 68 25 69 61 31 49 42 29 61 9 10 34 64 36 
20 48 37 22 80 78 41 42 10 53 9 56 33 4 16 77 70 62 92 40 76 27 95 94 76 62 89 31 22 9 88 1 38 99 88 51 80 35 26 95 36 72 19 60 31 60 67 55 14 99 24 98 40 27 77 6 41 39 61 6 70 12 39 0 9 20 98 74 71 45 27 67 76 45 56 39 63 83 77 30 82 94 90 81 61 60 39 15 44 98 14 25 5 41 72 90 66 50 86 9 
56 7 40 84 56 54 97 30 62 87 100 9 5 10 84 45 24 68 9 92 42 19 72 71 31 1 98 80 86 51 81 13 42 51 72 75 57 93 71 21 99 88 5 91 80 7 42 94 81 53 99 50 3 34 54 98 26 26 10 19 45 92 2 11 0 97 8 50 2 46 9 12 38 88 57 94 70 83 78 6 93 62 31 67 82 25 27 59 67 5 3 62 8 62 33 26 39 20 26 86 
51 4 22 45 77 33 46 39 11 67 82 96 100 80 100 15 45 22 100 3 18 59 75 80 86 95 9 98 45 9 47 27 39 81 91 18 20 70 13 28 40 52 72 19 2 63 81 99 40 21 18 74 98 69 7 12 64 33 12 24 66 10 52 24 3 0 43 85 87 69 93 72 95 42 82 66 8 9 4 72 78 54 80 57 68 19 72 69 85 96 58 94 67 54 20 25 42 54 51 87 
17 46 19 98 11 23 20 33 66 62 63 58 36 96 17 98 85 80 50 31 35 59 93 55 82 72 7 11 15 32 81 73 59 88 48 14 37 36 73 22 88 98 38 2 39 69 39 83 54 34 32 40 31 85 78 29 17 23 97 62 85 88 18 56 63 96 0 79 4 86 19 24 24 56 36 36 12 63 48 3 54 40 51 81 63 64 52 62 34 17 28 79 9 89 91 47 56 95 97 93 
100 69 45 72 82 89 4 66 11 89 68 72 52 70 40 87 45 5 59 100 27 60 77 50 71 90 26 87 70 73 45 94 20 98 69 84 31 11 52 16 85 45 18 6 86 32 96 17 87 88 52 38 69 77 93 98 17 82 32 62 93 42 55 50 44 62 24 0 55 48 17 59 56 64 26 44 57 71 27 27 54 79 74 69 50 34 16 22 84 9 35 70 90 37 10 49 100 79 29 43 
16 17 27 3 59 83 27 55 86 47 85 30 34 21 86 93 69 35 92 97 13 43 13 41 82 3 57 31 24 54 58 4 48 12 55 25 55 70 91 26 9 81 61 98 45 49 9 22 62 55 86 7 98 18 24 5 86 55 35 71 55 39 41 19 43 82 71 78 0 70 24 56 1 52 48 63 56 13 30 49 43 22 21 98 71 61 10 49 18 29 40 33 55 34 18 6 81 79 72 87 
28 53 20 88 94 22 45 70 76 77 81 78 7 89 15 77 21 17 51 15 62 26 73 95 73 56 32 81 90 34 75 16 80 31 1 50 14 4 78 11 53 40 35 96 18 91 67 71 67 60 53 73 31 51 44 72 24 26 15 79 30 91 36 98 4 3 38 42 62 0 79 89 23 100 93 6 45 42 21 99 9 1 89 23 64 30 6 67 78 83 45 77 16 9 56 50 22 74 53 94 
1 82 34 26 48 89 73 32 42 26 70 62 72 10 30 95 22 62 39 34 15 27 56 60 47 75 49 94 38 11 62 14 34 61 80 60 82 97 32 82 63 62 82 81 91 88 35 39 49 38 99 78 20 99 56 42 95 69 59 64 41 85 79 46 15 89 16 52 89 93 0 94 85 30 4 57 93 21 12 32 77 18 56 23 35 79 9 75 77 44 73 44 73 97 99 31 11 65 65 85 
15 75 76 26 15 11 53 77 95 47 57 44 39 64 22 94 45 90 3 90 87 18 34 66 25 33 24 38 40 9 100 37 92 5 92 11 8 94 61 3 86 33 100 88 56 99 61 57 54 50 85 40 33 100 53 12 88 93 74 94 100 3 48 64 19 83 36 35 53 29 29 0 39 66 23 59 47 89 21 25 55 87 12 71 27 5 86 37 53 67 38 55 57 21 81 32 32 4 51 36 
31 52 73 18 64 60 9 15 100 92 31 25 9 93 16 3 50 33 63 18 56 94 32 78 9 66 15 85 34 35 73 23 17 32 51 41 34 92 82 53 6 44 36 1 62 33 22 59 19 71 72 37 92 96 46 15 47 51 13 30 47 71 72 33 23 24 97 98 86 32 11 41 0 82 1 47 50 9 88 71 48 85 87 32 3 66 88 72 31 38 35 50 90 20 2 56 34 35 30 37 
56 1 31 34 47 94 73 90 69 87 31 11 13 79 84 20 10 79 66 3 72 36 21 3 94 31 73 98 60 74 26 24 6 57 12 62 40 45 4 4 28 56 71 69 36 37 60 35 100 71 44 51 37 44 40 78 13 31 21 63 94 91 62 37 86 68 8 84 7 69 63 22 78 0 50 92 6 6 5 29 66 24 65 43 95 48 45 35 86 64 25 81 95 79 19 61 48 24 49 11 
74 3 11 68 68 92 12 2 24 47 60 50 41 23 38 10 50 4 5 30 7 69 94 18 26 26 43 3 63 45 13 6 63 81 64 77 82 82 58 52 76 4 99 36 70 13 22 37 82 59 8 33 18 97 53 30 61 20 97 81 83 55 90 41 26 14 28 82 91 39 58 92 75 15 0 74 32 8 98 16 6 65 42 38 41 5 96 19 14 85 9 18 20 19 75 87 21 18 55 81 
14 50 15 68 13 67 77 54 75 82 46 14 41 57 68 64 74 27 2 54 49 47 23 22 17 91 24 57 93 39 80 65 80 20 55 43 100 37 19 51 19 36 41 90 66 15 68 54 16 13 48 5 1 22 99 61 18 78 27 45 66 75 34 15 60 46 62 30 9 7 4 13 23 82 11 0 75 16 76 72 82 30 89 100 62 50 94 84 8 81 91 11 46 50 64 98 59 37 6 51 
67 49 22 60 23 11 78 21 76 38 93 57 55 36 42 19 7 83 10 63 62 49 57 42 15 91 33 100 46 24 70 71 15 57 93 78 38 74 6 58 5 3 31 58 34 29 45 26 11 71 73 1 62 22 52 20 61 37 86 27 17 9 38 35 67 63 84 3 8 85 41 37 52 69 3 1 0 6 39 35 94 82 1 43 9 86 67 86 1 30 8 16 27 65 81 73 94 42 37 86 
90 21 52 55 82 38 95 16 69 10 93 50 97 64 52 52 57 81 100 13 85 90 59 74 3 15 92 8 50 38 28 77 83 18 27 28 77 93 25 52 64 41 22 35 95 62 8 60 87 97 57 25 64 87 75 13 84 40 62 57 35 73 82 55 100 58 64 63 87 7 8 55 13 60 76 52 71 0 2 99 58 54 27 80 62 82 91 97 91 34 72 5 15 53 35 77 62 43 14 11 
61 39 86 52 26 26 7 47 62 46 78 73 7 49 67 32 19 69 85 85 2 32 63 10 7 28 35 45 78 43 9 29 75 89 93 28 13 80 22 6 34 9 89 10 28 20 36 93 16 12 8 16 29 1 1 71 70 37 2 91 5 68 53 43 54 66 98 83 90 62 35 46 20 10 57 7 100 23 0 50 74 100 55 40 78 61 88 23 99 17 5 82 13 91 79 27 76 8 90 39 
32 100 75 27 63 27 11 78 59 5 66 25 4 9 62 85 97 69 76 71 57 17 17 61 83 70 27 61 37 39 73 26 14 58 18 8 23 16 23 21 84 82 13 53 51 87 10 56 38 26 53 4 19 81 69 100 59 21 76 78 67 25 82 6 44 24 76 19 81 31 35 35 85 21 74 16 27 52 86 0 75 11 7 56 46 35 52 60 70 92 4 74 42 26 43 14 99 41 69 45 
82 61 70 50 75 53 27 64 48 48 6 49 62 32 23 69 62 5 18 22 80 4 39 100 90 23 96 83 55 96 39 61 93 27 4 47 27 37 46 21 23 98 15 40 20 3 71 43 97 30 27 74 99 35 3 54 65 83 80 36 12 51 36 42 94 68 63 73 64 80 37 57 51 92 28 16 53 90 83 62 0 1 49 72 89 67 64 98 86 30 6 91 64 56 66 100 69 66 37 76 
9 83 66 94 88 63 2 88 74 4 29 42 60 58 66 24 55 34 71 22 70 72 10 62 18 84 30 15 10 62 81 30 64 26 58 89 30 12 74 94 43 18 56 93 72 28 22 9 13 35 6 76 72 77 13 39 70 4 1 44 49 28 47 79 86 92 16 70 88 33 44 60 50 56 48 93 45 10 70 99 17 0 60 90 36 91 73 90 23 64 43 61 43 93 16 66 27 39 90 43 
12 46 89 92 25 80 11 7 3 63 40 80 59 24 70 31 24 3 83 35 16 61 34 67 65 1 66 69 89 74 59 27 51 39 98 9 89 56 58 32 99 58 8 39 25 26 61 61 100 37 3 66 98 7 28 9 44 39 79 8 98 85 71 10 39 90 43 27 98 75 5 8 66 57 78 10 50 97 20 46 73 70 0 58 7 88 17 30 78 45 42 87 65 59 80 73 72 75 2 29 
50 28 54 38 8 23 47 63 4 41 100 51 73 82 81 55 90 28 45 68 1 39 88 17 21 66 70 87 89 39 34 40 6 13 57 57 42 23 1 92 87 99 3 24 53 99 64 91 95 79 42 86 66 90 13 71 12 3 56 25 96 33 27 70 58 48 6 78 81 45 73 95 22 6 100 99 48 14 66 28 6 26 99 0 4 88 85 91 14 42 14 7 94 52 11 47 86 47 18 46 
55 58 97 74 64 31 48 80 86 8 88 24 29 48 18 66 15 74 79 41 57 55 70 75 32 44 31 35 57 35 29 38 59 40 65 59 45 20 94 68 8 63 63 14 79 88 75 72 97 41 3 61 32 17 62 70 41 47 77 51 22 34 75 86 70 54 20 34 69 55 42 36 36 9 53 8 18 41 60 64 69 14 65 22 0 57 37 27 87 2 95 3 81 97 73 40 92 39 81 84 
51 31 18 37 78 64 100 29 50 77 10 18 74 94 47 34 67 65 36 30 29 69 70 87 2 12 91 91 81 99 50 52 80 16 64 40 47 57 49 35 50 94 99 8 57 94 70 41 89 71 18 29 21 57 9 21 79 95 9 41 23 28 26 90 68 64 67 9 54 51 72 13 76 50 34 6 78 24 9 14 73 72 12 41 27 0 39 20 92 90 39 52 56 77 98 58 51 73 76 79 
93 71 52 62 32 10 39 35 54 90 88 14 81 59 18 35 13 53 91 85 25 39 92 39 28 26 67 71 70 47 16 95 90 70 69 41 16 2 89 76 32 24 76 5 7 99 4 88 45 23 46 37 45 73 66 15 62 92 97 92 60 68 4 59 15 59 29 7 49 54 48 28 59 45 70 60 66 87 92 6 99 32 26 5 92 58 0 38 79 1 75 59 82 20 49 61 36 15 97 11 
49 87 37 37 26 71 28 7 62 44 93 17 40 33 64 25 91 31 42 89 9 61 83 19 24 91 56 82 2 79 17 20 16 24 4 1 48 88 63 21 97 4 56 65 36 31 80 97 38 13 39 98 80 26 6 49 28 10 92 20 80 26 57 70 65 55 46 81 69 15 32 7 99 38 70 5 99 25 58 22 45 38 36 87 75 55 61 0 57 46 78 9 14 58 71 53 9 57 43 37 
48 73 93 93 99 70 99 85 67 48 33 75 74 94 5 100 63 89 78 15 62 31 77 50 96 85 20 100 75 68 63 89 16 99 12 63 95 65 95 95 49 70 29 87 15 68 16 63 25 88 47 41 20 30 97 67 53 95 27 95 21 89 16 24 34 35 22 100 94 26 99 77 98 17 26 27 34 59 64 70 90 24 16 84 66 3 99 90 0 79 20 10 68 15 66 56 96 5 33 93 
76 12 10 22 25 25 1 61 45 77 25 95 63 34 3 55 1 68 54 89 9 41 69 74 37 61 55 65 16 24 31 35 41 39 24 83 64 81 71 15 34 77 10 81 48 93 52 52 69 35 64 15 97 4 22 32 84 61 31 79 34 18 18 81 65 51 3 16 79 57 63 62 87 99 42 69 43 66 47 76 89 59 28 30 31 5 1 51 76 0 30 37 2 87 41 92 43 73 60 45 
65 54 92 50 69 100 29 4 53 3 95 85 69 60 78 91 42 92 84 13 13 91 63 26 48 3 37 49 29 56 41 18 21 35 72 21 1 22 69 22 60 47 62 69 53 19 92 54 4 39 28 38 65 92 70 78 12 91 41 63 33 37 9 99 28 44 42 27 10 27 83 63 59 63 53 33 72 95 13 59 65 8 21 28 80 44 12 17 52 68 0 64 15 14 47 66 65 12 82 43 
8 78 66 33 79 27 62 12 100 83 5 36 70 97 55 6 67 65 42 10 78 32 21 88 46 97 37 70 27 90 12 82 73 39 35 47 32 37 47 43 39 92 15 5 33 2 43 80 62 24 91 95 23 33 47 83 28 14 32 40 63 47 96 60 81 41 87 79 88 91 71 12 75 69 37 27 32 21 9 52 66 60 75 66 34 77 26 46 71 11 96 0 12 43 6 74 50 42 1 11 
18 4 16 85 68 44 32 23 48 42 34 5 1 48 22 28 13 34 48 19 17 36 35 5 68 100 34 18 36 40 13 33 95 89 96 56 97 68 85 77 54 30 92 55 6 99 4 54 73 9 49 23 5 22 24 96 32 15 60 100 42 78 66 3 58 90 60 82 19 22 20 84 60 20 17 58 30 89 2 99 14 70 5 64 75 66 87 61 34 13 14 35 0 56 51 20 1 86 26 77 
63 85 74 1 15 16 38 11 29 99 35 57 15 26 74 18 36 63 35 13 15 70 28 7 82 29 37 15 1 16 17 18 72 8 46 35 65 68 19 86 68 21 79 22 16 97 98 94 85 24 6 69 82 96 11 2 9 60 47 18 28 57 26 59 22 60 4 54 39 52 86 23 76 33 96 89 90 21 68 1 58 40 27 30 36 88 50 36 21 81 85 98 12 0 43 63 87 39 99 90 
64 70 88 16 92 44 18 2 11 49 53 2 95 97 43 87 13 24 25 77 34 62 90 39 10 42 62 16 11 79 18 67 32 61 26 49 35 19 52 46 59 96 35 85 54 11 51 42 98 29 16 26 56 66 27 91 43 72 78 81 53 64 98 99 84 79 64 97 55 45 8 94 75 84 7 76 60 36 46 99 71 100 85 43 72 79 21 10 43 48 99 5 14 15 0 71 23 19 15 26 
10 13 28 48 23 66 41 11 10 48 43 73 77 90 84 32 32 26 64 74 85 30 10 47 96 62 94 98 91 5 21 37 46 53 48 17 19 79 67 70 13 41 69 91 7 96 56 73 26 81 28 23 18 35 22 62 12 20 19 54 9 78 94 73 14 16 16 79 22 31 97 53 27 45 29 30 62 31 12 66 2 92 79 7 65 65 85 68 83 36 96 33 66 26 47 0 35 72 63 22 
77 48 93 45 85 74 23 66 42 42 53 19 10 52 2 4 25 77 26 77 10 30 34 45 92 24 4 13 82 75 58 44 63 51 85 85 73 93 30 50 69 45 89 79 35 11 96 39 28 72 6 83 47 68 34 69 29 63 63 3 22 69 60 83 93 5 44 69 19 61 53 47 76 20 29 94 95 69 21 66 14 7 12 58 8 97 69 45 50 80 45 98 39 64 26 88 0 57 90 47 
72 55 93 41 30 74 13 24 71 42 12 12 47 45 1 31 32 8 78 59 29 64 71 51 14 93 14 45 43 93 40 63 99 42 53 45 60 24 34 23 16 26 22 17 12 34 16 59 23 23 19 91 61 33 96 2 34 14 35 34 20 86 33 39 100 98 53 81 61 71 94 66 94 2 82 11 92 40 34 37 99 65 67 94 34 28 24 83 52 85 3 65 70 65 88 46 77 0 52 71 
58 97 8 67 63 79 50 82 97 60 7 25 61 48 81 12 40 88 83 58 10 56 95 14 21 76 60 86 36 32 64 90 90 67 62 3 54 22 72 54 61 96 53 73 85 22 45 38 80 52 71 99 92 27 81 21 9 27 68 24 68 1 76 95 69 31 44 39 91 11 58 62 30 54 10 4 56 81 16 68 95 32 44 73 1 36 62 39 45 67 96 34 1 42 78 31 90 31 0 25 
37 57 64 54 50 29 77 4 63 84 73 48 29 42 97 66 48 57 14 95 81 89 72 63 9 56 88 15 90 81 38 43 39 92 19 59 87 20 89 30 19 92 37 42 7 81 60 58 33 59 35 42 78 51 44 29 56 82 72 25 30 7 66 47 93 86 60 80 50 98 72 65 41 82 62 24 40 9 34 27 92 8 51 17 22 82 39 36 57 84 15 22 88 47 55 62 58 39 55 0 
