3 4 2
4 3 5 6
10 10
0 4 5 2 4 4 3 3 4 3 5 6 2 2 9 
3 0 5 2 4 2 3 3 4 3 5 6 7 2 9 
3 4 0 2 1 4 3 3 4 3 5 6 1 2 9 
3 4 5 0 4 2 2 3 4 3 5 6 7 3 8 
3 7 1 2 0 4 3 3 4 2 5 5 7 2 9 
3 4 5 2 4 0 3 6 4 3 5 4 7 2 4 
3 4 1 2 4 4 0 3 4 3 5 6 7 2 9 
3 3 5 3 7 1 3 0 4 8 5 5 4 2 3 
3 4 2 2 4 4 5 3 0 3 5 6 7 2 9 
1 4 5 4 4 1 3 1 4 0 5 9 8 2 3 
3 4 2 2 5 4 3 3 4 3 0 6 7 2 9 
2 5 5 1 4 5 7 1 4 3 5 0 7 2 3 
3 4 5 2 4 4 3 3 4 3 5 6 0 2 9 
2 4 5 1 6 8 3 8 4 3 5 6 6 0 9 
3 4 5 2 4 4 3 3 4 3 5 6 7 2 0 
